2 0.809773 0.039417 0.010891 0.078667
2 0.857203 0.0485 0.013719 0.070333
2 0.87025 0.040781 0.01175 0.074604
2 0.881367 0.049031 0.016953 0.070729
2 0.805492 0.130781 0.016641 0.100521
2 0.817086 0.146687 0.011328 0.068
2 0.85282 0.133708 0.018234 0.090625
2 0.891414 0.154417 0.018047 0.068458
2 0.876664 0.152125 0.015859 0.073333
2 0.832852 0.045312 0.018891 0.071375
2 0.828555 0.136604 0.012922 0.083667
2 0.865055 0.13625 0.013422 0.085042
2 0.89407 0.047927 0.015672 0.064896
2 0.80625 0.160417 0.1 0.320833
